4D 5A 90 00 03 00 00 00 04 00 00 00 FF FF 00 00 B8 00 00 00 00 00 00 00 40 00 00 00 00 00 00 00 
00 00 00 00 00 00 00 00 00 00 00 00 00 00 00 00 00 00 00 00 00 00 00 00 00 00 00 00 F8 00 00 00 
0E 1F BA 0E 00 B4 09 CD 21 B8 01 4C CD 21 54 68 69 73 20 70 72 6F 67 72 61 6D 20 63 61 6E 6E 6F 
74 20 62 65 20 72 75 6E 20 69 6E 20 44 4F 53 20 6D 6F 64 65 2E 0D 0D 0A 24 00 00 00 00 00 00 00 
F2 23 B0 9E B6 42 DE CD B6 42 DE CD B6 42 DE CD BF 3A 4D CD BC 42 DE CD 08 33 DA CC BA 42 DE CD 
08 33 DD CC B4 42 DE CD 08 33 DB CC AF 42 DE CD 08 33 DF CC B3 42 DE CD ED 2A DF CC B4 42 DE CD 
B6 42 DF CD E1 42 DE CD 23 30 D7 CC B5 42 DE CD 23 30 21 CD B7 42 DE CD 23 30 DC CC B7 42 DE CD 
52 69 63 68 B6 42 DE CD 00 00 00 00 00 00 00 00 00 00 00 00 00 00 00 00 50 45 00 00 4C 01 05 00 
37 18 22 62 00 00 00 00 00 00 00 00 E0 00 02 01 0B 01 0E 1C 00 38 00 00 00 2A 00 00 00 00 00 00 
E4 38 00 00 00 10 00 00 00 50 00 00 00 00 40 00 00 10 00 00 00 02 00 00 06 00 00 00 00 00 00 00 
06 00 00 00 00 00 00 00 00 A0 00 00 00 04 00 00 00 00 00 00 03 00 40 81 00 00 10 00 00 10 00 00 
00 00 10 00 00 10 00 00 00 00 00 00 10 00 00 00 00 00 00 00 00 00 00 00 8C 60 00 00 B4 00 00 00 
00 80 00 00 E0 01 00 00 00 00 00 00 00 00 00 00 00 00 00 00 00 00 00 00 00 90 00 00 14 04 00 00 
BC 55 00 00 70 00 00 00 00 00 00 00 00 00 00 00 00 00 00 00 00 00 00 00 00 00 00 00 00 00 00 00 
30 56 00 00 40 00 00 00 00 00 00 00 00 00 00 00 00 50 00 00 40 01 00 00 00 00 00 00 00 00 00 00 
00 00 00 00 00 00 00 00 00 00 00 00 00 00 00 00 2E 74 65 78 74 00 00 00 27 36 00 00 00 10 00 00 
00 38 00 00 00 04 00 00 00 00 00 00 00 00 00 00 00 00 00 00 20 00 00 60 2E 72 64 61 74 61 00 00 
66 1B 00 00 00 50 00 00 00 1C 00 00 00 3C 00 00 00 00 00 00 00 00 00 00 00 00 00 00 40 00 00 40 
2E 64 61 74 61 00 00 00 88 04 00 00 00 70 00 00 00 02 00 00 00 58 00 00 00 00 00 00 00 00 00 00 
00 00 00 00 40 00 00 C0 2E 72 73 72 63 00 00 00 E0 01 00 00 00 80 00 00 00 02 00 00 00 5A 00 00 
00 00 00 00 00 00 00 00 00 00 00 00 40 00 00 40 2E 72 65 6C 6F 63 00 00 14 04 00 00 00 90 00 00 
00 06 00 00 00 5C 00 00 00 00 00 00 00 00 00 00 00 00 00 00 40 00 00 42 00 00 00 00 00 00 00 00 
00 00 00 00 00 00 00 00 00 00 00 00 00 00 00 00 00 00 00 00 00 00 00 00 00 00 00 00 00 00 00 00 
00 00 00 00 00 00 00 00 00 00 00 00 00 00 00 00 00 00 00 00 00 00 00 00 00 00 00 00 00 00 00 00 
00 00 00 00 00 00 00 00 00 00 00 00 00 00 00 00 00 00 00 00 00 00 00 00 00 00 00 00 00 00 00 00 
00 00 00 00 00 00 00 00 00 00 00 00 00 00 00 00 00 00 00 00 00 00 00 00 00 00 00 00 00 00 00 00 
00 00 00 00 00 00 00 00 00 00 00 00 00 00 00 00 00 00 00 00 00 00 00 00 00 00 00 00 00 00 00 00 
00 00 00 00 00 00 00 00 00 00 00 00 00 00 00 00 00 00 00 00 00 00 00 00 00 00 00 00 00 00 00 00 
00 00 00 00 00 00 00 00 00 00 00 00 00 00 00 00 00 00 00 00 00 00 00 00 00 00 00 00 00 00 00 00 
00 00 00 00 00 00 00 00 00 00 00 00 00 00 00 00 00 00 00 00 00 00 00 00 00 00 00 00 00 00 00 00 
00 00 00 00 00 00 00 00 00 00 00 00 00 00 00 00 00 00 00 00 00 00 00 00 00 00 00 00 00 00 00 00 
00 00 00 00 00 00 00 00 00 00 00 00 00 00 00 00 00 00 00 00 00 00 00 00 00 00 00 00 00 00 00 00 